d06 = [214.2;
       589.62;
       1100]
d6  = 92
R06 = [0 -1 0;
       0 0  0;
       -1 0 1]
k = [0;
     0;
     1]

Pc = d06 - d6*R06*k