H01 = denavit(0,2,0,90)
H02 = H01*denavit(90,2,0,90)
H03 = H02*denavit(0,2,0,0)

R01 = [ 1    0  0;
        0    0  1;
        0    -1  0]
    
R02 = [ 1    0  0;
        0    1  0;
        0    0  1]
    

    
    



K = [0;
     0;
     1]
 
O0 = [0;
      0;
      0]

O1 = [2;
      0;
      0]
  
O2 = [4;
      0;
      0]
   
Z0 = [0;
      0;
      1]

Z1 = R01*K

Z2 = R02*K


J = [       Z0                   Z1      Z2
             0                   0        0]
         
 q = [4;
      3;
      2]
  
V = J*q