
d06 = [392,79;
       226,78;
       878,55]
   
 
   r06 = [0 0 0.866025403;
          0 -0.866025403 0.5;
          1 0 0]
    k = [0;
         0;
         1]
  d6 = 100
  pc = d06 - d6*r06*k