k = [0;
    0;
    1]
d06 = [852.;
       1352.9
      850]
r06 = [0 -1 0;
       0 0 1;
       -1 0 0]
pc = d06 - 72*r06*k