Px = 0
Py =0 
Pz = 0
Tcartesiano = [1 0 0 Px;
               0 1 0 Py;
               0 0 1 Pz;
               0 0 0 1]