r = sqrt(3)/2
P1 = [102;
     321;
     99;
     1]
H = [1  0    0   -36;
     0  r   -0.5 81;
     0  0.5  r   81;
     0  0    0   1]
 P0 = H*P1