function  x = transx(dx)
     x = [1 0 0 dx;
          0 1 0 0;
          0 0 1 0;
          0 0 0 1]
end
