function z = transz(dz)
z = [1 0 0 0;
     0 1 0 0;
     0 0 1 dz;
     0 0 0 1]
end