function y = transy(dy)
y = [1 0 0 0;
     0 1 0 dy;
     0 0 1 0;
     0 0 0 1]
end