%Resposta correta
P = [2;
     3;
     4;
     1]
d = [1 0 0 3;
     0 1 0 5;
     0 0 1 7;
     0 0 0 1]
Pnovo = d*P