transy = [1 0 0 0;
          0 1 0 5;
          0 0 1 0;
          0 0 0 1]
transz = [1 0 0 0;
          0 1 0 0;
          0 0 1 10;
          0 0 0 1]
A = transz*transy